liquid,Viscosity 900 s-1,Viscosity 100 s-1,Viscosity 10 s-1,pipette,volume,aspiration_rate,dispense_rate,blow_out_rate,delay_aspirate,delay_dispense,delay_blow_out,touch_tip_aspirate,touch_tip_dispense,time,%error,m_measured,m_expected,blow_out_state
Viscosity_std_398.4,398.4,398.4,398.4,p1000,1000.0,55.0,55.0,0.0,0.0,0.0,0.0,1.0,0.0,42.00240946,-19.76476015,0.6958,0.8672,0.0
Viscosity_std_398.4,398.4,398.4,398.4,p1000,1000.0,34.56590094027542,47.29853372912514,0.0,4.314901860928639,2.9467136005955843,0.0,1.0,0.0,62.815,-1.0724169741697387,0.8579,0.8672,1.0
Viscosity_std_398.4,398.4,398.4,398.4,p1000,1000.0,34.56590094027542,47.29853372912514,0.0,4.314901860928639,2.9467136005955843,0.0,1.0,0.0,62.8387,-1.1300738007379982,0.8574,0.8672,1.0
Viscosity_std_398.4,398.4,398.4,398.4,p1000,1000.0,34.56590094027542,47.29853372912514,0.0,4.314901860928639,2.9467136005955843,0.0,1.0,0.0,62.8888,-1.441420664206637,0.8547,0.8672,1.0
Viscosity_std_398.4,398.4,398.4,398.4,p1000,1000.0,34.56590094027542,47.29853372912514,0.0,4.314901860928639,2.9467136005955843,0.0,1.0,0.0,62.9188,-1.210793357933574,0.8567,0.8672,1.0
Viscosity_std_398.4,398.4,398.4,398.4,p1000,1000.0,34.56590094027542,47.29853372912514,0.0,4.314901860928639,2.9467136005955843,0.0,1.0,0.0,62.9558,-1.303044280442802,0.8559,0.8672,1.0
Viscosity_std_398.4,398.4,398.4,398.4,p1000,1000.0,34.56590094027542,47.29853372912514,0.0,4.314901860928639,2.9467136005955843,0.0,1.0,0.0,62.9787,-1.349169741697409,0.8555,0.8672,1.0
Viscosity_std_398.4,398.4,398.4,398.4,p1000,1000.0,34.56590094027542,47.29853372912514,0.0,4.314901860928639,2.9467136005955843,0.0,1.0,0.0,63.0111,-1.3837638376383776,0.8552,0.8672,1.0
Viscosity_std_398.4,398.4,398.4,398.4,p1000,1000.0,34.56590094027542,47.29853372912514,0.0,4.314901860928639,2.9467136005955843,0.0,1.0,0.0,63.0544,-1.360701107011061,0.8554,0.8672,1.0
Viscosity_std_398.4,398.4,398.4,398.4,p1000,1000.0,34.56590094027542,47.29853372912514,0.0,4.314901860928639,2.9467136005955843,0.0,1.0,0.0,63.0608,-1.3837638376383776,0.8552,0.8672,1.0
Viscosity_std_398.4,398.4,398.4,398.4,p1000,1000.0,34.56590094027542,47.29853372912514,0.0,4.314901860928639,2.9467136005955843,0.0,1.0,0.0,63.0953,-1.4298892988929852,0.8548,0.8672,1.0
